camera_matrix:
- - 864.7544262075131
  - 0.0
  - 293.8535416042844
- - 0.0
  - 864.6342676005166
  - 278.9573751897326
- - 0.0
  - 0.0
  - 1.0
dist_coeff:
- - 0.03529664818915058
  - 0.8834816740934017
  - 0.004767860170567665
  - -0.00037714588259494614
  - -2.774191337541566
