camera_matrix:
- - 810.3324936063777
  - 0.0
  - 328.04131750514415
- - 0.0
  - 810.2168682100066
  - 256.7584909576631
- - 0.0
  - 0.0
  - 1.0
dist_coeff:
- - -0.09403360245497695
  - 1.8386099243166205
  - 0.00013741355173230187
  - -0.008450279709259273
  - -8.148023951985127
