camera_matrix:
- - 474.1711221805002
  - 0.0
  - 346.61426234103646
- - 0.0
  - 480.9690291335393
  - 179.97031018545428
- - 0.0
  - 0.0
  - 1.0
dist_coeff:
- - 0.038668444874390334
  - -0.09762470538705874
  - -0.005259191783214769
  - -0.0005567910413259223
  - 0.25687485995902715
