camera_matrix:
- - 21292.0058717394
  - 0.0
  - 192.56139780975525
- - 0.0
  - 980.5539255544446
  - 244.18155903834355
- - 0.0
  - 0.0
  - 1.0
dist_coeff:
- - 204.8635937346003
  - -37426.85767505045
  - -0.3228256573590229
  - 0.154840633195359
  - -286.2389867439856
